cur_d_out.txt:34214:Mean distance		2.3059	4.1403	7.2691	14.4610	17.5638	20.2089	24.0784	34.2821	40.0610
cur_s_out.txt:29428:Mean distance		2.2858	4.0723	6.8429	14.2943	17.7041	21.3581	29.0362	35.5868	40.1571
lyn_d_out.txt:33922:Mean distance		2.2998	4.0669	7.3149	14.2992	17.3584	19.8331	25.2266	33.7939	38.9106
lyn_s_out.txt:34486:Mean distance		2.3069	4.1444	7.5010	14.5865	17.3253	19.7095	23.0977	33.5994	39.2370
nil_d_out.txt:30600:Mean distance		2.3353	4.1083	6.1592	10.4811	16.3299	20.7992	25.2337	30.9160	37.0689
nil_s_out.txt:27572:Mean distance		2.2784	4.0922	7.3527	16.7184	20.5456	22.5331	24.2753	26.4274	30.2576
wes_d_out.txt:27476:Mean distance		2.2902	4.3901	7.7658	13.8135	17.2173	20.1578	24.6322	33.2820	39.0338
wes_s_out.txt:31332:Mean distance		2.2965	4.1197	7.7423	14.2188	16.8629	19.1433	22.3280	31.1506	38.7578
cur_d_out.txt:34219:ALL LOCI		0.0155	0.0036	0.0072	-0.0008	-0.0069	-0.0045	-0.0027	-0.0036	-0.0080	-0.0000		-0.00045738	-0.00687865
cur_s_out.txt:29433:ALL LOCI		0.0411	0.0142	0.0140	-0.0215	-0.0188	0.0003	0.0126	0.0123	-0.0226	0.0035		-0.000765778	-0.0141729
lyn_d_out.txt:33927:ALL LOCI		0.0603	0.0109	-0.0038	-0.0077	-0.0153	-0.0113	-0.0088	-0.0011	-0.0065	0.0019		-0.000941937	-0.0184196
lyn_s_out.txt:34491:ALL LOCI		0.0493	0.0034	0.0089	-0.0060	0.0016	-0.0144	-0.0075	-0.0242	-0.0133	-0.0002		-0.0012448	-0.0194176
nil_d_out.txt:30605:ALL LOCI		0.0402	0.0120	0.0039	0.0125	0.0098	-0.0027	0.0004	-0.0103	0.0116	0.0086		-0.000563623	-0.00948752
nil_s_out.txt:27577:ALL LOCI		0.0360	0.0232	0.0044	0.0197	0.0033	0.0126	-0.0044	-0.0048	-0.0149	0.0083		-0.001278	-0.0141934
wes_d_out.txt:27481:ALL LOCI		0.1186	0.0437	0.0208	-0.0053	0.0018	-0.0312	0.0018	-0.0640	-0.0333	0.0059		-0.00340178	-0.0519207
wes_s_out.txt:31337:ALL LOCI		0.0416	0.0181	-0.0020	-0.0101	-0.0074	-0.0188	-0.0161	0.0152	-0.0151	0.0005		-0.000835986	-0.0154066
31:cur_d_out.txt-95%CI-inf		-0.00784186	-0.00632977	-0.0052751	-0.00777392	-0.00704082	-0.00673856	-0.00737617	-0.00867198	-0.00736087			-0.000221853	-0.00284431
75:cur_s_out.txt-95%CI-inf		-0.0174948	-0.0191689	-0.0190224	-0.0246765	-0.0225782	-0.0232862	-0.0194682	-0.0191206	-0.0226787			-0.000786249	-0.0124301
119:lyn_d_out.txt-95%CI-inf		-0.0146388	-0.0136744	-0.0135127	-0.0129266	-0.0144472	-0.0126956	-0.0121936	-0.0125894	-0.016791			-0.000640666	-0.0103109
163:lyn_s_out.txt-95%CI-inf		-0.00953447	-0.0115677	-0.0104753	-0.014022	-0.00965135	-0.00943276	-0.0100285	-0.0114359	-0.00955419			-0.000274255	-0.0038492
207:nil_d_out.txt-95%CI-inf		-0.00756763	-0.00861721	-0.0134589	-0.0165227	-0.0128573	-0.0125406	-0.0134013	-0.0168573	-0.0192918			-0.000796301	-0.0114581
251:nil_s_out.txt-95%CI-inf		-0.00992135	-0.0104376	-0.0183575	-0.0145839	-0.0126175	-0.00841567	-0.00629407	-0.0153863	-0.0173494			-0.000830676	-0.00776505
295:wes_d_out.txt-95%CI-inf		-0.0251973	-0.0273694	-0.0361626	-0.0246286	-0.0240243	-0.0252334	-0.0366151	-0.0246713	-0.0341456			-0.00120153	-0.017093
339:wes_s_out.txt-95%CI-inf		-0.0173902	-0.0164841	-0.0207943	-0.0202358	-0.0182067	-0.0201823	-0.0164178	-0.021776	-0.0186434			-0.000748761	-0.00826891
32:cur_d_out.txt-95%CI-sup		0.00834396	0.00915867	0.00957513	0.00878251	0.00874933	0.00916575	0.00750793	0.00751391	0.0073189			0.000170442	0.00284372
76:cur_s_out.txt-95%CI-sup		0.0371155	0.0423894	0.0411388	0.0456436	0.0403763	0.0419215	0.0370272	0.047831	0.0453092			0.00081753	0.00879899
120:lyn_d_out.txt-95%CI-sup		0.0323759	0.0241174	0.0276364	0.0245839	0.0243807	0.0225717	0.0247189	0.0235831	0.0248133			0.000471156	0.00594124
164:lyn_s_out.txt-95%CI-sup		0.0113653	0.0122788	0.0129744	0.00891418	0.0107135	0.0135473	0.0120643	0.0135313	0.00874062			0.000291109	0.00423673
208:nil_d_out.txt-95%CI-sup		0.0368732	0.0327588	0.0308853	0.0468859	0.0349205	0.0328324	0.0460319	0.0451939	0.0472233			0.000619467	0.00747787
252:nil_s_out.txt-95%CI-sup		0.0255548	0.0365082	0.027146	0.0274923	0.0331016	0.0272106	0.0307959	0.0347123	0.0400372			0.000684605	0.00755359
296:wes_d_out.txt-95%CI-sup		0.0437004	0.059009	0.0429355	0.0439876	0.0485089	0.0440356	0.0512896	0.0418673	0.041268			0.000798578	0.0126021
340:wes_s_out.txt-95%CI-sup		0.0289878	0.0248188	0.0219447	0.0201859	0.0304844	0.025317	0.0248395	0.0212827	0.0205483			0.00058369	0.00713731
35:cur_d_out.txt-P(2-sided test, H1: obs<>exp)		0.0000	0.4455	0.0891	0.9604	0.0693	0.1881	0.6040	0.3069	0.0495			0.0000	0.0000
79:cur_s_out.txt-P(2-sided test, H1: obs<>exp)		0.0297	0.4257	0.4257	0.1089	0.0891	0.8020	0.4257	0.3861	0.0693			0.0891	0.0000
123:lyn_d_out.txt-P(2-sided test, H1: obs<>exp)		0.0000	0.3861	0.6832	0.3663	0.0297	0.1089	0.2277	0.8812	0.2673			0.0297	0.0000
167:lyn_s_out.txt-P(2-sided test, H1: obs<>exp)		0.0000	0.5050	0.1485	0.3069	0.7822	0.0000	0.0891	0.0000	0.0000			0.0000	0.0000
211:nil_d_out.txt-P(2-sided test, H1: obs<>exp)		0.0000	0.8218	0.7228	0.6040	0.9208	0.5446	0.5842	0.1089	0.8218			0.2079	0.0693
255:nil_s_out.txt-P(2-sided test, H1: obs<>exp)		0.0000	0.1881	0.9010	0.1881	0.6040	0.6436	0.1485	0.1683	0.0891			0.0297	0.0297
299:wes_d_out.txt-P(2-sided test, H1: obs<>exp)		0.0000	0.0891	0.3861	0.3465	0.7624	0.0000	0.7624	0.0000	0.0693			0.0000	0.0000
343:wes_s_out.txt-P(2-sided test, H1: obs<>exp)		0.0297	0.0891	1.0000	0.5050	0.4257	0.1089	0.0693	0.1089	0.1089			0.0000	0.0000
