a	b	nSites	J9	J8	J7	J6	J5	J4	J3	J2	J1	rab	Fa	Fb	theta	inbred_relatedness_1_2	inbred_relatedness_2_1	fraternity	identity	zygosity	2of3_IDB	FDiff	loglh	nIter	bestoptimll	coverage	2dsfs	R0	R1	KING	2dsfs_loglike	2dsfsf_niter
0	1	4423	0.758371	0.000007	0.241623	0.000000	0.000000	0.000000	0.000000	0.000000	0.000000	0.241626	0.000000	0.000000	0.120813	0.000000	0.000000	0.241623	0.000000	0.241623	0.241626	-0.000000	-5845.752621	134	-1	0.835790	4.037399e-01,1.691962e-01,5.690355e-03,1.205377e-01,2.547599e-01,1.334641e-02,3.502196e-03,2.043992e-02,8.787482e-03	0.036083	0.765705	0.283750	-6432.262051	18
0	2	4383	1.000000	0.000000	0.000000	0.000000	0.000000	0.000000	0.000000	0.000000	0.000000	0.000010	0.000002	0.000002	0.000006	0.000002	0.000002	0.000008	0.000002	0.000009	0.000010	0.000000	-5796.107998	67	-5796.112415	0.828231	3.627919e-01,1.891121e-01,2.532822e-02,1.651541e-01,2.050092e-01,1.921271e-02,1.997324e-02,1.109086e-02,2.327630e-03	0.220973	0.476908	0.143982	-6795.459671	14
0	3	4310	1.000000	0.000000	0.000000	0.000000	0.000000	0.000000	0.000000	0.000000	0.000000	0.000005	0.000000	0.000000	0.000002	0.000000	0.000000	0.000004	0.000000	0.000004	0.000005	-0.000000	-5582.248386	58	-5582.249931	0.814437	3.485556e-01,2.077558e-01,2.104704e-02,1.651287e-01,2.147937e-01,8.970866e-03,2.136957e-02,1.147843e-02,9.003432e-04	0.197476	0.492928	0.157926	-6514.465733	14
0	4	4338	1.000000	0.000000	0.000000	0.000000	0.000000	0.000000	0.000000	0.000000	0.000000	0.000003	0.000000	0.000000	0.000001	0.000000	0.000000	0.000003	0.000000	0.000003	0.000003	-0.000000	-5946.123020	62	-5946.123535	0.819728	3.606120e-01,1.915894e-01,2.578180e-02,1.821985e-01,1.945283e-01,1.260213e-02,1.807779e-02,1.060862e-02,4.001532e-03	0.225466	0.441249	0.135880	-6684.748438	14
0	5	4301	0.869901	0.000000	0.000009	0.130089	0.000000	0.000000	0.000000	0.000001	0.000001	0.000010	0.000001	0.130090	0.000005	0.000001	0.000001	0.000010	0.000001	0.000010	0.065055	-0.065045	-6163.849081	53	-1	0.812736	3.782492e-01,1.385412e-01,6.154392e-02,1.896913e-01,1.617422e-01,3.520964e-02,2.294619e-02,5.603792e-03,6.472609e-03	0.522375	0.356625	-0.010452	-6957.809911	14
0	6	4366	0.947512	0.000001	0.052487	0.000000	0.000000	0.000000	0.000000	0.000000	0.000000	0.052487	0.000000	0.000000	0.026244	0.000000	0.000000	0.052487	0.000000	0.052487	0.052487	0.000000	-5662.571896	54	-1	0.825019	3.957575e-01,1.654684e-01,1.410070e-02,1.629332e-01,2.144531e-01,1.439651e-02,1.379594e-02,1.459856e-02,4.496131e-03	0.130083	0.556597	0.201780	-6553.649636	14
0	7	4050	0.955885	0.000000	0.000000	0.044115	0.000000	0.000000	0.000000	0.000000	0.000000	0.000000	0.000000	0.044115	0.000000	0.000000	0.000000	0.000000	0.000000	0.000000	0.022058	-0.022058	-5207.631359	94	-1	0.765306	4.076035e-01,1.149114e-01,5.070882e-02,1.937405e-01,1.777854e-01,2.053202e-02,2.684981e-02,3.011792e-03,4.856780e-03	0.436249	0.433883	0.032959	-6108.042452	14
0	8	4200	0.989864	0.000001	0.010135	0.000000	0.000000	0.000000	0.000000	0.000000	0.000000	0.010135	0.000000	0.000000	0.005068	0.000000	0.000000	0.010135	0.000000	0.010135	0.010135	-0.000000	-5543.168944	90	-1	0.793651	3.733876e-01,1.850339e-01,1.880893e-02,1.597827e-01,2.105176e-01,2.018188e-02,1.400596e-02,1.351722e-02,4.764138e-03	0.155877	0.511797	0.181212	-6372.792520	14
0	9	4368	1.000000	0.000000	0.000000	0.000000	0.000000	0.000000	0.000000	0.000000	0.000000	0.000002	0.000000	0.000000	0.000001	0.000000	0.000000	0.000002	0.000000	0.000002	0.000002	0.000000	-5966.660181	66	-5966.660442	0.825397	3.545807e-01,2.031805e-01,2.212911e-02,1.620971e-01,2.086897e-01,1.625722e-02,1.610209e-02,1.364552e-02,3.318127e-03	0.183196	0.481505	0.162729	-6737.085775	17
1	2	4896	1.000000	0.000000	0.000000	0.000000	0.000000	0.000000	0.000000	0.000000	0.000000	0.000004	0.000002	0.000002	0.000003	0.000002	0.000002	0.000002	0.000002	0.000004	0.000004	0.000000	-6860.961186	47	-6860.966448	0.925170	3.232409e-01,1.705045e-01,2.828419e-02,2.117934e-01,2.192374e-01,1.895413e-02,1.671875e-02,1.049193e-02,7.748722e-04	0.205270	0.479997	0.151998	-7816.152272	10
1	3	4761	1.000000	0.000000	0.000000	0.000000	0.000000	0.000000	0.000000	0.000000	0.000000	0.000011	0.000000	0.000000	0.000005	0.000000	0.000000	0.000010	0.000000	0.000011	0.000011	-0.000000	-6526.327781	54	-6526.331030	0.899660	3.194891e-01,1.859878e-01,2.002656e-02,2.024960e-01,2.332197e-01,1.167064e-02,1.457552e-02,1.169188e-02,8.427813e-04	0.148367	0.522389	0.186745	-7417.721929	11
1	4	4818	0.967280	0.000003	0.032716	0.000000	0.000000	0.000000	0.000000	0.000000	0.000000	0.032718	0.000001	0.000001	0.016359	0.000001	0.000000	0.032716	0.000000	0.032716	0.032719	0.000000	-6989.823203	74	-1	0.910431	3.465511e-01,1.565716e-01,1.995549e-02,2.032655e-01,2.243916e-01,2.140283e-02,1.241509e-02,1.290131e-02,2.545585e-03	0.144259	0.526109	0.189401	-7620.608801	10
1	5	4878	0.843497	0.000000	0.022373	0.134130	0.000000	0.000000	0.000000	0.000000	0.000000	0.022373	0.000000	0.134130	0.011186	0.000000	0.000000	0.022373	0.000000	0.022373	0.089438	-0.067065	-7403.887244	74	-1	0.921769	3.485726e-01,1.073081e-01,6.563387e-02,2.146839e-01,1.994259e-01,3.546402e-02,2.086891e-02,3.523337e-03,4.519349e-03	0.433759	0.445662	0.034771	-8071.468281	13
1	6	4858	1.000000	0.000000	0.000000	0.000000	0.000000	0.000000	0.000000	0.000000	0.000000	0.000004	0.000000	0.000000	0.000002	0.000000	0.000000	0.000004	0.000000	0.000004	0.000004	-0.000000	-6710.831108	66	-6710.831777	0.917989	3.404749e-01,1.653845e-01,1.884927e-02,2.136363e-01,2.197684e-01,1.416672e-02,1.471300e-02,1.117031e-02,1.836589e-03	0.152716	0.501846	0.180880	-7611.367347	10
1	7	4440	0.947134	0.000000	0.000001	0.052866	0.000000	0.000000	0.000000	0.000000	0.000000	0.000001	0.000000	0.052866	0.000000	0.000000	0.000000	0.000001	0.000000	0.000001	0.026434	-0.026433	-6035.205975	94	-1	0.839002	3.804120e-01,9.249376e-02,5.007416e-02,2.291029e-01,1.944295e-01,2.554038e-02,1.970023e-02,4.961201e-03,3.285859e-03	0.358867	0.460873	0.074067	-6839.179926	14
1	8	4606	1.000000	0.000000	0.000000	0.000000	0.000000	0.000000	0.000000	0.000000	0.000000	0.000013	0.000000	0.000000	0.000006	0.000000	0.000000	0.000013	0.000000	0.000013	0.000013	-0.000000	-6421.734035	70	-6421.736140	0.870370	3.286425e-01,1.644469e-01,3.021245e-02,2.063934e-01,2.291075e-01,1.402768e-02,1.306770e-02,1.267235e-02,1.429502e-03	0.188908	0.519730	0.166575	-7208.192345	14
1	9	4850	0.986189	0.000004	0.013806	0.000001	0.000000	0.000000	0.000000	0.000000	0.000000	0.013809	0.000000	0.000001	0.006904	0.000000	0.000000	0.013806	0.000000	0.013806	0.013809	-0.000000	-6991.276486	66	-1	0.916478	3.298605e-01,1.749889e-01,2.012929e-02,1.967585e-01,2.329177e-01,1.831017e-02,9.422615e-03,1.431361e-02,3.298802e-03	0.126877	0.536772	0.199739	-7671.095974	10
2	3	4718	0.680760	0.000338	0.318902	0.000000	0.000000	0.000000	0.000000	0.000000	0.000000	0.319071	0.000000	0.000000	0.159535	0.000000	0.000000	0.318902	0.000000	0.318902	0.319071	-0.000000	-6117.394442	218	-1	0.891534	4.223947e-01,1.236316e-01,5.428376e-03,1.081393e-01,2.799288e-01,1.399071e-02,5.847471e-03,2.813958e-02,1.249938e-02	0.040281	0.981597	0.308695	-6972.658660	14
2	4	4780	1.000000	0.000000	0.000000	0.000000	0.000000	0.000000	0.000000	0.000000	0.000000	0.000013	0.000000	0.000000	0.000006	0.000000	0.000000	0.000012	0.000000	0.000013	0.000013	0.000000	-6776.833958	62	-6776.837474	0.903250	3.514375e-01,1.761483e-01,2.524519e-02,1.821274e-01,2.016501e-01,1.616028e-02,2.946641e-02,1.574594e-02,2.018906e-03	0.271319	0.453255	0.116231	-7747.758497	10
2	5	4788	0.871073	0.000000	0.000000	0.128918	0.000000	0.000000	0.000000	0.000008	0.000000	0.000001	0.000009	0.128927	0.000000	0.000000	0.000000	0.000008	0.000000	0.000008	0.064468	-0.064459	-7153.655950	82	-1	0.904762	3.593448e-01,1.177912e-01,6.952244e-02,1.871779e-01,1.852475e-01,3.132978e-02,3.964013e-02,5.581935e-03,4.364359e-03	0.589280	0.410709	-0.046433	-8092.494377	10
2	6	4811	0.946323	0.000000	0.053677	0.000000	0.000000	0.000000	0.000000	0.000000	0.000000	0.053677	0.000000	0.000000	0.026838	0.000000	0.000000	0.053677	0.000000	0.053677	0.053677	0.000000	-6503.734275	102	-1	0.909108	3.860213e-01,1.443804e-01,1.911271e-02,1.620410e-01,2.265880e-01,1.297630e-02,2.029371e-02,2.620345e-02,2.383001e-03	0.173912	0.588529	0.185002	-7589.642223	10
2	7	4399	0.674703	0.000000	0.202723	0.122572	0.000000	0.000000	0.000000	0.000000	0.000002	0.202725	0.000003	0.122575	0.101364	0.000002	0.000002	0.202723	0.000002	0.202725	0.264011	-0.061286	-5772.269631	42	-1	0.831255	4.463462e-01,6.012758e-02,4.690275e-02,1.591569e-01,2.181226e-01,2.070695e-02,2.647271e-02,1.179829e-02,1.036594e-02	0.336395	0.670806	0.103733	-6680.375198	11
2	8	4553	1.000000	0.000000	0.000000	0.000000	0.000000	0.000000	0.000000	0.000000	0.000000	0.000018	0.000000	0.000000	0.000009	0.000000	0.000000	0.000018	0.000000	0.000018	0.000018	0.000000	-6190.903560	78	-6190.905606	0.860355	3.550509e-01,1.636529e-01,3.269751e-02,1.608645e-01,2.304334e-01,9.996152e-03,3.265101e-02,1.271152e-02,1.942145e-03	0.283590	0.558527	0.123422	-7214.930779	14
2	9	4803	1.000000	0.000000	0.000000	0.000000	0.000000	0.000000	0.000000	0.000000	0.000000	0.000041	0.000001	0.000001	0.000021	0.000001	0.000001	0.000040	0.000001	0.000041	0.000041	0.000000	-6788.745834	87	-6788.750421	0.907596	3.474607e-01,1.823803e-01,2.236218e-02,1.615981e-01,2.224446e-01,1.543066e-02,2.816062e-02,1.746700e-02,2.695801e-03	0.227125	0.520461	0.147730	-7755.230921	10
3	4	4649	1.000000	0.000000	0.000000	0.000000	0.000000	0.000000	0.000000	0.000000	0.000000	0.000002	0.000000	0.000000	0.000001	0.000000	0.000000	0.000002	0.000000	0.000002	0.000002	0.000000	-6450.952602	66	-6450.952886	0.878496	3.487610e-01,1.643135e-01,2.390376e-02,1.991394e-01,2.170059e-01,1.574820e-02,1.604076e-02,1.212060e-02,2.966902e-03	0.184071	0.503183	0.166135	-7335.223234	11
3	5	4638	0.871177	0.000000	0.000000	0.128821	0.000000	0.000000	0.000001	0.000000	0.000001	0.000002	0.000002	0.128822	0.000001	0.000001	0.000001	0.000000	0.000001	0.000001	0.064413	-0.064411	-6750.409080	74	-1	0.876417	3.586609e-01,1.145122e-01,6.349662e-02,2.050521e-01,1.882291e-01,3.704594e-02,2.518632e-02,3.893164e-03,3.923612e-03	0.471144	0.419044	0.014741	-7657.488560	11
3	6	4690	0.961515	0.000000	0.038485	0.000000	0.000000	0.000000	0.000000	0.000000	0.000000	0.038485	0.000000	0.000000	0.019243	0.000000	0.000000	0.038485	0.000000	0.038485	0.038485	-0.000000	-6179.298500	70	-1	0.886243	3.743056e-01,1.445423e-01,1.719361e-02,1.768852e-01,2.414858e-01,1.496378e-02,1.771416e-02,1.176745e-02,1.142063e-03	0.144554	0.630402	0.206550	-7202.618428	14
3	7	4330	0.740625	0.000024	0.156971	0.102379	0.000000	0.000000	0.000001	0.000000	0.000000	0.156983	0.000001	0.102379	0.078492	0.000000	0.000000	0.156971	0.000000	0.156971	0.208173	-0.051189	-5605.407110	50	-1	0.818216	4.330554e-01,6.871348e-02,3.152385e-02,1.832502e-01,2.141097e-01,3.755250e-02,1.453615e-02,9.519503e-03,7.739199e-03	0.215123	0.620436	0.167740	-6490.651154	14
3	8	4459	0.951514	0.000000	0.048486	0.000000	0.000000	0.000000	0.000000	0.000000	0.000000	0.048486	0.000000	0.000000	0.024243	0.000000	0.000000	0.048486	0.000000	0.048486	0.048486	0.000000	-5962.195742	58	-1	0.842593	3.639349e-01,1.466885e-01,2.612465e-02,1.673569e-01,2.489242e-01,1.526464e-02,1.744836e-02,1.227878e-02,1.979103e-03	0.175045	0.646285	0.192722	-6879.478484	14
3	9	4687	1.000000	0.000000	0.000000	0.000000	0.000000	0.000000	0.000000	0.000000	0.000000	0.000040	0.000001	0.000001	0.000020	0.000001	0.000001	0.000039	0.000001	0.000040	0.000040	0.000000	-6485.150705	82	-6485.154186	0.885676	3.415861e-01,1.773582e-01,1.791605e-02,1.756667e-01,2.347372e-01,2.122163e-02,1.860857e-02,1.063344e-02,2.272121e-03	0.155598	0.557035	0.189252	-7387.931723	11
4	5	4715	0.858276	0.000000	0.000137	0.141587	0.000000	0.000000	0.000000	0.000000	0.000000	0.000137	0.000000	0.141587	0.000069	0.000000	0.000000	0.000137	0.000000	0.000137	0.070930	-0.070793	-7249.361755	166	-1	0.890967	3.711743e-01,1.241436e-01,6.378847e-02,1.919121e-01,1.691663e-01,3.582375e-02,2.652614e-02,8.672974e-03,8.792397e-03	0.533881	0.375202	-0.016402	-7964.360440	10
4	6	4769	1.000000	0.000000	0.000000	0.000000	0.000000	0.000000	0.000000	0.000000	0.000000	0.000004	0.000000	0.000000	0.000002	0.000000	0.000000	0.000001	0.000000	0.000002	0.000004	0.000000	-6640.292786	58	-6640.295101	0.901172	3.575588e-01,1.865049e-01,1.924874e-02,1.872498e-01,1.946996e-01,1.369726e-02,2.634899e-02,1.271804e-02,1.973863e-03	0.234195	0.436774	0.131089	-7564.475439	10
4	7	4338	0.948911	0.000000	0.000000	0.051084	0.000000	0.000000	0.000001	0.000000	0.000004	0.000004	0.000005	0.051088	0.000004	0.000004	0.000004	0.000000	0.000004	0.000004	0.025547	-0.025542	-5968.692997	55	-1	0.819728	3.916118e-01,1.139783e-01,5.443385e-02,2.079210e-01,1.707294e-01,1.875111e-02,3.139072e-02,7.263703e-03,3.920221e-03	0.502694	0.393623	-0.001334	-6820.474299	14
4	8	4489	0.961913	0.000002	0.038085	0.000000	0.000000	0.000000	0.000000	0.000000	0.000000	0.038086	0.000000	0.000000	0.019043	0.000000	0.000000	0.038085	0.000000	0.038085	0.038086	0.000000	-6327.025969	74	-1	0.848262	3.688337e-01,1.717187e-01,2.295979e-02,1.599902e-01,2.173856e-01,1.721098e-02,2.245832e-02,1.433149e-02,5.111136e-03	0.208929	0.531935	0.158579	-7081.285441	14
4	9	4745	1.000000	0.000000	0.000000	0.000000	0.000000	0.000000	0.000000	0.000000	0.000000	0.000387	0.000000	0.000000	0.000194	0.000000	0.000000	0.000387	0.000000	0.000387	0.000387	0.000000	-6926.987115	134	-6926.990064	0.896636	3.466264e-01,1.950264e-01,2.142355e-02,1.655491e-01,2.131444e-01,1.574872e-02,2.141454e-02,1.724482e-02,3.822102e-03	0.200981	0.488407	0.155476	-7634.525161	10
5	6	4747	0.861986	0.000000	0.000000	0.000001	0.000000	0.138010	0.000000	0.000000	0.000002	0.000003	0.138012	0.000003	0.000002	0.000002	0.000002	0.000000	0.000002	0.000002	0.069008	0.069004	-6952.189168	47	-1	0.897014	3.733054e-01,1.907806e-01,2.629282e-02,1.251531e-01,1.737245e-01,4.899702e-03,7.135050e-02,3.031081e-02,4.182510e-03	0.562058	0.387098	-0.030865	-7897.330267	10
5	7	4327	0.823054	0.000002	0.000038	0.000002	0.000000	0.000000	0.000000	0.176904	0.000000	0.000039	0.176904	0.176907	0.000019	0.000000	0.000000	0.176942	0.000000	0.176942	0.176944	-0.000001	-6171.716982	99	-1	0.817649	4.197331e-01,1.128018e-01,6.020286e-02,1.288256e-01,1.639408e-01,7.108696e-03,8.040864e-02,1.454318e-02,1.243529e-02	0.857697	0.405904	-0.198393	-7034.158626	11
5	8	4463	0.862017	0.000000	0.007870	0.000000	0.000000	0.130113	0.000000	0.000000	0.000000	0.007870	0.130113	0.000000	0.003935	0.000000	0.000000	0.007870	0.000000	0.007870	0.072926	0.065056	-6604.114222	106	-1	0.843348	3.715701e-01,1.803017e-01,3.277453e-02,1.143640e-01,1.890083e-01,5.195601e-03,6.484384e-02,3.328572e-02,8.656186e-03	0.516477	0.438773	-0.008758	-7406.354110	14
5	9	4740	0.728145	0.000006	0.111342	0.000000	0.000000	0.160506	0.000000	0.000000	0.000000	0.111345	0.160507	0.000000	0.055673	0.000000	0.000000	0.111342	0.000000	0.111342	0.191598	0.080253	-7225.793379	46	-1	0.895692	3.829192e-01,1.832747e-01,2.190962e-02,9.796139e-02,1.984117e-01,9.168578e-03,5.260838e-02,4.403396e-02,9.712377e-03	0.375573	0.485166	0.067521	-7889.684989	10
6	7	4358	0.735766	0.000002	0.171822	0.092409	0.000000	0.000000	0.000000	0.000000	0.000000	0.171823	0.000000	0.092409	0.085912	0.000000	0.000000	0.171822	0.000000	0.171822	0.218028	-0.046205	-5612.560720	82	-1	0.823507	4.574077e-01,8.589652e-02,3.396269e-02,1.588639e-01,1.980264e-01,3.267030e-02,1.387787e-02,9.637897e-03,9.656792e-03	0.241587	0.591284	0.149820	-6521.072910	11
6	8	4542	0.878796	0.000001	0.121203	0.000000	0.000000	0.000000	0.000000	0.000000	0.000000	0.121203	0.000000	0.000000	0.060602	0.000000	0.000000	0.121203	0.000000	0.121203	0.121203	0.000000	-6047.910640	70	-1	0.858277	3.926896e-01,1.604242e-01,1.756994e-02,1.445203e-01,2.345902e-01,1.717771e-02,1.155686e-02,1.207330e-02,9.397825e-03	0.124160	0.645681	0.219495	-6952.821307	14
6	9	4781	1.000000	0.000000	0.000000	0.000000	0.000000	0.000000	0.000000	0.000000	0.000000	0.000003	0.000002	0.000003	0.000002	0.000001	0.000001	0.000002	0.000001	0.000003	0.000004	-0.000000	-6654.363958	55	-6654.368295	0.903439	3.397245e-01,2.041097e-01,2.673015e-02,1.752021e-01,2.077019e-01,1.181794e-02,1.901634e-02,1.314656e-02,2.550804e-03	0.220251	0.461536	0.141773	-7629.805275	10
7	8	4222	0.907465	0.000000	0.036301	0.000000	0.000000	0.056235	0.000000	0.000000	0.000000	0.036301	0.056235	0.000000	0.018150	0.000000	0.000000	0.036301	0.000000	0.036301	0.064418	0.028117	-5589.336689	94	-1	0.797808	4.168994e-01,1.854520e-01,2.931304e-02,8.775282e-02,1.959129e-01,9.495846e-03,4.332007e-02,2.584776e-02,6.006119e-03	0.370742	0.513962	0.072314	-6485.975137	14
7	9	4375	0.951381	0.000000	0.000000	0.000000	0.000000	0.048619	0.000000	0.000000	0.000000	0.000000	0.048619	0.000000	0.000000	0.000000	0.000000	0.000000	0.000000	0.000000	0.024310	0.024310	-5992.220375	94	-1	0.826720	3.862049e-01,2.129367e-01,3.187350e-02,1.012657e-01,1.858160e-01,5.072601e-03,4.874950e-02,2.250091e-02,5.580137e-03	0.433886	0.439906	0.034440	-6871.903100	13
8	9	4535	1.000000	0.000000	0.000000	0.000000	0.000000	0.000000	0.000000	0.000000	0.000000	0.000008	0.000000	0.000000	0.000004	0.000000	0.000000	0.000008	0.000000	0.000008	0.000008	0.000000	-6372.860472	62	-6372.861618	0.856954	3.402180e-01,1.888106e-01,1.965462e-02,1.744859e-01,2.173107e-01,1.522958e-02,2.292833e-02,1.639156e-02,4.970750e-03	0.195954	0.496709	0.159299	-7211.499953	11
